{
 "cells": [
  {
   "cell_type": "markdown",
   "metadata": {},
   "source": [
    "## How to travel between N Russian cities and return to the starting point using the shortest route? Let's find out!\n",
    "\n",
    "## 2-opt is a simple local search algorithm first proposed by Croes in 1958 for solving the traveling salesman problem. The main idea behind it is to take a route that crosses over itself and reorder it so that it does not. \n",
    "### It is very easy to implement and result visualization is cool."
   ]
  },
  {
   "cell_type": "code",
   "execution_count": 31,
   "metadata": {
    "collapsed": false
   },
   "outputs": [],
   "source": [
    "import pandas as pd\n",
    "import matplotlib.pyplot as plt\n",
    "import numpy as np\n",
    "from mpl_toolkits.basemap import Basemap\n",
    "from matplotlib.animation import FuncAnimation\n",
    "\n",
    "from math import sin, cos, atan2, sqrt, radians\n",
    "\n",
    "%matplotlib inline"
   ]
  },
  {
   "cell_type": "code",
   "execution_count": 7,
   "metadata": {
    "collapsed": false
   },
   "outputs": [
    {
     "data": {
      "text/plain": [
       "('./data/RU.zip', <http.client.HTTPMessage at 0x7fca2c402240>)"
      ]
     },
     "execution_count": 7,
     "metadata": {},
     "output_type": "execute_result"
    }
   ],
   "source": [
    "# download russian towns dataset from GeoNames Data - it is free and has data for every country!\n",
    "from urllib.request import urlretrieve\n",
    "urlretrieve (\"http://download.geonames.org/export/dump/RU.zip\", \"./data/RU.zip\")"
   ]
  },
  {
   "cell_type": "code",
   "execution_count": 11,
   "metadata": {
    "collapsed": false
   },
   "outputs": [],
   "source": [
    "from zipfile import ZipFile\n",
    "with ZipFile(\"./data/RU.zip\",\"r\") as zip_ref:\n",
    "    zip_ref.extractall(\"./data/RU\")"
   ]
  },
  {
   "cell_type": "code",
   "execution_count": 151,
   "metadata": {
    "collapsed": false
   },
   "outputs": [
    {
     "data": {
      "text/html": [
       "<div>\n",
       "<table border=\"1\" class=\"dataframe\">\n",
       "  <thead>\n",
       "    <tr style=\"text-align: right;\">\n",
       "      <th></th>\n",
       "      <th>latitude</th>\n",
       "      <th>longitude</th>\n",
       "      <th>feature_class</th>\n",
       "      <th>feature_code</th>\n",
       "      <th>population</th>\n",
       "    </tr>\n",
       "    <tr>\n",
       "      <th>name</th>\n",
       "      <th></th>\n",
       "      <th></th>\n",
       "      <th></th>\n",
       "      <th></th>\n",
       "      <th></th>\n",
       "    </tr>\n",
       "  </thead>\n",
       "  <tbody>\n",
       "    <tr>\n",
       "      <th>Zyabrikovo</th>\n",
       "      <td>56.84665</td>\n",
       "      <td>34.70480</td>\n",
       "      <td>P</td>\n",
       "      <td>PPL</td>\n",
       "      <td>0</td>\n",
       "    </tr>\n",
       "    <tr>\n",
       "      <th>Znamenka</th>\n",
       "      <td>56.74087</td>\n",
       "      <td>34.02323</td>\n",
       "      <td>P</td>\n",
       "      <td>PPL</td>\n",
       "      <td>0</td>\n",
       "    </tr>\n",
       "    <tr>\n",
       "      <th>Zhukovo</th>\n",
       "      <td>57.26429</td>\n",
       "      <td>34.20956</td>\n",
       "      <td>P</td>\n",
       "      <td>PPL</td>\n",
       "      <td>0</td>\n",
       "    </tr>\n",
       "  </tbody>\n",
       "</table>\n",
       "</div>"
      ],
      "text/plain": [
       "            latitude  longitude feature_class feature_code  population\n",
       "name                                                                  \n",
       "Zyabrikovo  56.84665   34.70480             P          PPL           0\n",
       "Znamenka    56.74087   34.02323             P          PPL           0\n",
       "Zhukovo     57.26429   34.20956             P          PPL           0"
      ]
     },
     "execution_count": 151,
     "metadata": {},
     "output_type": "execute_result"
    }
   ],
   "source": [
    "towns = pd.read_csv(\"./data/RU/RU.txt\", sep='\\t', index_col='name', names=['name', 'latitude', 'longitude', 'feature_class', 'feature_code', 'population', ], \n",
    "                    usecols=[1,4,5,6,7,14])\n",
    "towns.head(3)\n",
    "# here are some unknown small villages, get rid of them!"
   ]
  },
  {
   "cell_type": "code",
   "execution_count": 152,
   "metadata": {
    "collapsed": false
   },
   "outputs": [
    {
     "data": {
      "text/html": [
       "<div>\n",
       "<table border=\"1\" class=\"dataframe\">\n",
       "  <thead>\n",
       "    <tr style=\"text-align: right;\">\n",
       "      <th></th>\n",
       "      <th>latitude</th>\n",
       "      <th>longitude</th>\n",
       "      <th>feature_class</th>\n",
       "      <th>feature_code</th>\n",
       "      <th>population</th>\n",
       "    </tr>\n",
       "    <tr>\n",
       "      <th>name</th>\n",
       "      <th></th>\n",
       "      <th></th>\n",
       "      <th></th>\n",
       "      <th></th>\n",
       "      <th></th>\n",
       "    </tr>\n",
       "  </thead>\n",
       "  <tbody>\n",
       "    <tr>\n",
       "      <th>Irkutsk</th>\n",
       "      <td>52.29778</td>\n",
       "      <td>104.29639</td>\n",
       "      <td>P</td>\n",
       "      <td>PPLA</td>\n",
       "      <td>586695</td>\n",
       "    </tr>\n",
       "    <tr>\n",
       "      <th>Kazan</th>\n",
       "      <td>55.78874</td>\n",
       "      <td>49.12214</td>\n",
       "      <td>P</td>\n",
       "      <td>PPLA</td>\n",
       "      <td>1104738</td>\n",
       "    </tr>\n",
       "    <tr>\n",
       "      <th>Saratov</th>\n",
       "      <td>51.54056</td>\n",
       "      <td>46.00861</td>\n",
       "      <td>P</td>\n",
       "      <td>PPLA</td>\n",
       "      <td>863725</td>\n",
       "    </tr>\n",
       "    <tr>\n",
       "      <th>Volgograd</th>\n",
       "      <td>48.71939</td>\n",
       "      <td>44.50183</td>\n",
       "      <td>P</td>\n",
       "      <td>PPLA</td>\n",
       "      <td>1011417</td>\n",
       "    </tr>\n",
       "    <tr>\n",
       "      <th>Voronezh</th>\n",
       "      <td>51.67204</td>\n",
       "      <td>39.18430</td>\n",
       "      <td>P</td>\n",
       "      <td>PPLA</td>\n",
       "      <td>848752</td>\n",
       "    </tr>\n",
       "    <tr>\n",
       "      <th>Omsk</th>\n",
       "      <td>54.99244</td>\n",
       "      <td>73.36859</td>\n",
       "      <td>P</td>\n",
       "      <td>PPLA</td>\n",
       "      <td>1129281</td>\n",
       "    </tr>\n",
       "    <tr>\n",
       "      <th>Saint Petersburg</th>\n",
       "      <td>59.93863</td>\n",
       "      <td>30.31413</td>\n",
       "      <td>P</td>\n",
       "      <td>PPLA</td>\n",
       "      <td>5028000</td>\n",
       "    </tr>\n",
       "    <tr>\n",
       "      <th>Astrakhan</th>\n",
       "      <td>46.34968</td>\n",
       "      <td>48.04076</td>\n",
       "      <td>P</td>\n",
       "      <td>PPLA</td>\n",
       "      <td>502533</td>\n",
       "    </tr>\n",
       "    <tr>\n",
       "      <th>Lipetsk</th>\n",
       "      <td>52.60311</td>\n",
       "      <td>39.57076</td>\n",
       "      <td>P</td>\n",
       "      <td>PPLA</td>\n",
       "      <td>515655</td>\n",
       "    </tr>\n",
       "    <tr>\n",
       "      <th>Chelyabinsk</th>\n",
       "      <td>55.15402</td>\n",
       "      <td>61.42915</td>\n",
       "      <td>P</td>\n",
       "      <td>PPLA</td>\n",
       "      <td>1062919</td>\n",
       "    </tr>\n",
       "    <tr>\n",
       "      <th>Krasnoyarsk</th>\n",
       "      <td>56.01839</td>\n",
       "      <td>92.86717</td>\n",
       "      <td>P</td>\n",
       "      <td>PPLA</td>\n",
       "      <td>927200</td>\n",
       "    </tr>\n",
       "    <tr>\n",
       "      <th>Perm</th>\n",
       "      <td>58.01046</td>\n",
       "      <td>56.25017</td>\n",
       "      <td>P</td>\n",
       "      <td>PPLA</td>\n",
       "      <td>982419</td>\n",
       "    </tr>\n",
       "    <tr>\n",
       "      <th>Nizhniy Novgorod</th>\n",
       "      <td>56.32867</td>\n",
       "      <td>44.00205</td>\n",
       "      <td>P</td>\n",
       "      <td>PPLA</td>\n",
       "      <td>1284164</td>\n",
       "    </tr>\n",
       "    <tr>\n",
       "      <th>Rostov-na-Donu</th>\n",
       "      <td>47.23135</td>\n",
       "      <td>39.72328</td>\n",
       "      <td>P</td>\n",
       "      <td>PPLA</td>\n",
       "      <td>1074482</td>\n",
       "    </tr>\n",
       "    <tr>\n",
       "      <th>Izhevsk</th>\n",
       "      <td>56.84976</td>\n",
       "      <td>53.20448</td>\n",
       "      <td>P</td>\n",
       "      <td>PPLA</td>\n",
       "      <td>631038</td>\n",
       "    </tr>\n",
       "    <tr>\n",
       "      <th>Ulyanovsk</th>\n",
       "      <td>54.32824</td>\n",
       "      <td>48.38657</td>\n",
       "      <td>P</td>\n",
       "      <td>PPLA</td>\n",
       "      <td>640680</td>\n",
       "    </tr>\n",
       "    <tr>\n",
       "      <th>Khabarovsk</th>\n",
       "      <td>48.48271</td>\n",
       "      <td>135.08379</td>\n",
       "      <td>P</td>\n",
       "      <td>PPLA</td>\n",
       "      <td>579000</td>\n",
       "    </tr>\n",
       "    <tr>\n",
       "      <th>Ufa</th>\n",
       "      <td>54.74306</td>\n",
       "      <td>55.96779</td>\n",
       "      <td>P</td>\n",
       "      <td>PPLA</td>\n",
       "      <td>1033338</td>\n",
       "    </tr>\n",
       "    <tr>\n",
       "      <th>Krasnodar</th>\n",
       "      <td>45.04484</td>\n",
       "      <td>38.97603</td>\n",
       "      <td>P</td>\n",
       "      <td>PPLA</td>\n",
       "      <td>649851</td>\n",
       "    </tr>\n",
       "    <tr>\n",
       "      <th>Yekaterinburg</th>\n",
       "      <td>56.85190</td>\n",
       "      <td>60.61220</td>\n",
       "      <td>P</td>\n",
       "      <td>PPLA</td>\n",
       "      <td>1349772</td>\n",
       "    </tr>\n",
       "  </tbody>\n",
       "</table>\n",
       "</div>"
      ],
      "text/plain": [
       "                  latitude  longitude feature_class feature_code  population\n",
       "name                                                                        \n",
       "Irkutsk           52.29778  104.29639             P         PPLA      586695\n",
       "Kazan             55.78874   49.12214             P         PPLA     1104738\n",
       "Saratov           51.54056   46.00861             P         PPLA      863725\n",
       "Volgograd         48.71939   44.50183             P         PPLA     1011417\n",
       "Voronezh          51.67204   39.18430             P         PPLA      848752\n",
       "Omsk              54.99244   73.36859             P         PPLA     1129281\n",
       "Saint Petersburg  59.93863   30.31413             P         PPLA     5028000\n",
       "Astrakhan         46.34968   48.04076             P         PPLA      502533\n",
       "Lipetsk           52.60311   39.57076             P         PPLA      515655\n",
       "Chelyabinsk       55.15402   61.42915             P         PPLA     1062919\n",
       "Krasnoyarsk       56.01839   92.86717             P         PPLA      927200\n",
       "Perm              58.01046   56.25017             P         PPLA      982419\n",
       "Nizhniy Novgorod  56.32867   44.00205             P         PPLA     1284164\n",
       "Rostov-na-Donu    47.23135   39.72328             P         PPLA     1074482\n",
       "Izhevsk           56.84976   53.20448             P         PPLA      631038\n",
       "Ulyanovsk         54.32824   48.38657             P         PPLA      640680\n",
       "Khabarovsk        48.48271  135.08379             P         PPLA      579000\n",
       "Ufa               54.74306   55.96779             P         PPLA     1033338\n",
       "Krasnodar         45.04484   38.97603             P         PPLA      649851\n",
       "Yekaterinburg     56.85190   60.61220             P         PPLA     1349772"
      ]
     },
     "execution_count": 152,
     "metadata": {},
     "output_type": "execute_result"
    }
   ],
   "source": [
    "N = 20\n",
    "towns = towns[towns.feature_code == 'PPLA'] # leave only first-order administrative cities\n",
    "towns = towns[towns.population > 500000]\n",
    "towns = towns.sample(N)\n",
    "towns"
   ]
  },
  {
   "cell_type": "code",
   "execution_count": 153,
   "metadata": {
    "collapsed": false
   },
   "outputs": [],
   "source": [
    "# compute NxN distance matrix. Can't use simple euclidean distance, do some math magic:\n",
    "distances = np.zeros((N, N))\n",
    "R = 6373 # Earth radius in kilometers\n",
    "for i in range(N):\n",
    "    for j in range(N):\n",
    "        lat1, lon1 = towns.iloc[i][['latitude', 'longitude']]\n",
    "        lat2, lon2 = towns.iloc[j][['latitude', 'longitude']]\n",
    "        lat1, lon1, lat2, lon2 = radians(lat1), radians(lon1), radians(lat2), radians(lon2)\n",
    "        dlon = lon2 - lon1\n",
    "        dlat = lat2 - lat1\n",
    "        a = (sin(dlat / 2)) ** 2 + cos(lat1) * cos(lat2) * (sin(dlon / 2)) ** 2 \n",
    "        c = 2 * atan2(sqrt(a), sqrt(1 - a)) \n",
    "        d = R * c\n",
    "        \n",
    "        distances[i, j] = distances[j, i] = d"
   ]
  },
  {
   "cell_type": "code",
   "execution_count": 154,
   "metadata": {
    "collapsed": false
   },
   "outputs": [
    {
     "data": {
      "text/html": [
       "<div>\n",
       "<table border=\"1\" class=\"dataframe\">\n",
       "  <thead>\n",
       "    <tr style=\"text-align: right;\">\n",
       "      <th></th>\n",
       "      <th>Irkutsk</th>\n",
       "      <th>Kazan</th>\n",
       "      <th>Saratov</th>\n",
       "      <th>Volgograd</th>\n",
       "      <th>Voronezh</th>\n",
       "      <th>Omsk</th>\n",
       "      <th>Saint Petersburg</th>\n",
       "      <th>Astrakhan</th>\n",
       "      <th>Lipetsk</th>\n",
       "      <th>Chelyabinsk</th>\n",
       "      <th>Krasnoyarsk</th>\n",
       "      <th>Perm</th>\n",
       "      <th>Nizhniy Novgorod</th>\n",
       "      <th>Rostov-na-Donu</th>\n",
       "      <th>Izhevsk</th>\n",
       "      <th>Ulyanovsk</th>\n",
       "      <th>Khabarovsk</th>\n",
       "      <th>Ufa</th>\n",
       "      <th>Krasnodar</th>\n",
       "      <th>Yekaterinburg</th>\n",
       "    </tr>\n",
       "  </thead>\n",
       "  <tbody>\n",
       "    <tr>\n",
       "      <th>Irkutsk</th>\n",
       "      <td>0.000000</td>\n",
       "      <td>3527.782205</td>\n",
       "      <td>3889.311488</td>\n",
       "      <td>4126.825527</td>\n",
       "      <td>4306.055703</td>\n",
       "      <td>2043.919331</td>\n",
       "      <td>4416.751728</td>\n",
       "      <td>4026.370846</td>\n",
       "      <td>4235.683236</td>\n",
       "      <td>2793.849888</td>\n",
       "      <td>850.215396</td>\n",
       "      <td>3050.074080</td>\n",
       "      <td>3810.828009</td>\n",
       "      <td>4517.395360</td>\n",
       "      <td>3253.874815</td>\n",
       "      <td>3623.935473</td>\n",
       "      <td>2206.567858</td>\n",
       "      <td>3143.759178</td>\n",
       "      <td>4698.490318</td>\n",
       "      <td>2811.378569</td>\n",
       "    </tr>\n",
       "    <tr>\n",
       "      <th>Kazan</th>\n",
       "      <td>3527.782205</td>\n",
       "      <td>0.000000</td>\n",
       "      <td>515.026121</td>\n",
       "      <td>846.456077</td>\n",
       "      <td>797.113808</td>\n",
       "      <td>1526.504966</td>\n",
       "      <td>1199.503054</td>\n",
       "      <td>1052.587690</td>\n",
       "      <td>714.548562</td>\n",
       "      <td>778.087645</td>\n",
       "      <td>2681.757476</td>\n",
       "      <td>498.179664</td>\n",
       "      <td>323.521503</td>\n",
       "      <td>1150.755188</td>\n",
       "      <td>278.040564</td>\n",
       "      <td>169.072107</td>\n",
       "      <td>5539.356170</td>\n",
       "      <td>448.955035</td>\n",
       "      <td>1391.496159</td>\n",
       "      <td>717.643116</td>\n",
       "    </tr>\n",
       "    <tr>\n",
       "      <th>Saratov</th>\n",
       "      <td>3889.311488</td>\n",
       "      <td>515.026121</td>\n",
       "      <td>0.000000</td>\n",
       "      <td>331.662071</td>\n",
       "      <td>471.482302</td>\n",
       "      <td>1847.546577</td>\n",
       "      <td>1349.570245</td>\n",
       "      <td>596.097021</td>\n",
       "      <td>455.571523</td>\n",
       "      <td>1097.115784</td>\n",
       "      <td>3058.590556</td>\n",
       "      <td>972.429480</td>\n",
       "      <td>548.487315</td>\n",
       "      <td>660.483265</td>\n",
       "      <td>752.826804</td>\n",
       "      <td>348.607245</td>\n",
       "      <td>5965.501930</td>\n",
       "      <td>752.976247</td>\n",
       "      <td>889.557594</td>\n",
       "      <td>1115.543586</td>\n",
       "    </tr>\n",
       "    <tr>\n",
       "      <th>Volgograd</th>\n",
       "      <td>4126.825527</td>\n",
       "      <td>846.456077</td>\n",
       "      <td>331.662071</td>\n",
       "      <td>0.000000</td>\n",
       "      <td>500.997980</td>\n",
       "      <td>2084.501303</td>\n",
       "      <td>1543.627622</td>\n",
       "      <td>374.227346</td>\n",
       "      <td>554.255103</td>\n",
       "      <td>1358.433740</td>\n",
       "      <td>3309.893497</td>\n",
       "      <td>1290.777117</td>\n",
       "      <td>847.048417</td>\n",
       "      <td>392.341729</td>\n",
       "      <td>1075.454018</td>\n",
       "      <td>679.076915</td>\n",
       "      <td>6236.202306</td>\n",
       "      <td>1033.546874</td>\n",
       "      <td>585.831037</td>\n",
       "      <td>1405.590878</td>\n",
       "    </tr>\n",
       "    <tr>\n",
       "      <th>Voronezh</th>\n",
       "      <td>4306.055703</td>\n",
       "      <td>797.113808</td>\n",
       "      <td>471.482302</td>\n",
       "      <td>500.997980</td>\n",
       "      <td>0.000000</td>\n",
       "      <td>2276.877523</td>\n",
       "      <td>1071.682025</td>\n",
       "      <td>875.217502</td>\n",
       "      <td>106.870169</td>\n",
       "      <td>1517.575520</td>\n",
       "      <td>3465.139608</td>\n",
       "      <td>1295.149335</td>\n",
       "      <td>605.876664</td>\n",
       "      <td>495.468461</td>\n",
       "      <td>1074.621814</td>\n",
       "      <td>682.490831</td>\n",
       "      <td>6336.385750</td>\n",
       "      <td>1165.819521</td>\n",
       "      <td>737.302191</td>\n",
       "      <td>1498.692965</td>\n",
       "    </tr>\n",
       "    <tr>\n",
       "      <th>Omsk</th>\n",
       "      <td>2043.919331</td>\n",
       "      <td>1526.504966</td>\n",
       "      <td>1847.546577</td>\n",
       "      <td>2084.501303</td>\n",
       "      <td>2276.877523</td>\n",
       "      <td>0.000000</td>\n",
       "      <td>2584.535371</td>\n",
       "      <td>2011.940526</td>\n",
       "      <td>2214.187358</td>\n",
       "      <td>759.616195</td>\n",
       "      <td>1229.416374</td>\n",
       "      <td>1099.703856</td>\n",
       "      <td>1834.465077</td>\n",
       "      <td>2474.150122</td>\n",
       "      <td>1268.799802</td>\n",
       "      <td>1600.419835</td>\n",
       "      <td>4169.811419</td>\n",
       "      <td>1111.277510</td>\n",
       "      <td>2660.693781</td>\n",
       "      <td>820.147206</td>\n",
       "    </tr>\n",
       "    <tr>\n",
       "      <th>Saint Petersburg</th>\n",
       "      <td>4416.751728</td>\n",
       "      <td>1199.503054</td>\n",
       "      <td>1349.570245</td>\n",
       "      <td>1543.627622</td>\n",
       "      <td>1071.682025</td>\n",
       "      <td>2584.535371</td>\n",
       "      <td>0.000000</td>\n",
       "      <td>1906.440394</td>\n",
       "      <td>994.308080</td>\n",
       "      <td>1911.870186</td>\n",
       "      <td>3575.178763</td>\n",
       "      <td>1492.396544</td>\n",
       "      <td>896.227621</td>\n",
       "      <td>1540.413319</td>\n",
       "      <td>1370.212800</td>\n",
       "      <td>1250.906981</td>\n",
       "      <td>6196.531949</td>\n",
       "      <td>1632.045033</td>\n",
       "      <td>1753.938313</td>\n",
       "      <td>1782.568403</td>\n",
       "    </tr>\n",
       "    <tr>\n",
       "      <th>Astrakhan</th>\n",
       "      <td>4026.370846</td>\n",
       "      <td>1052.587690</td>\n",
       "      <td>596.097021</td>\n",
       "      <td>374.227346</td>\n",
       "      <td>875.217502</td>\n",
       "      <td>2011.940526</td>\n",
       "      <td>1906.440394</td>\n",
       "      <td>0.000000</td>\n",
       "      <td>925.337212</td>\n",
       "      <td>1354.516407</td>\n",
       "      <td>3238.759251</td>\n",
       "      <td>1410.305918</td>\n",
       "      <td>1144.384466</td>\n",
       "      <td>640.648909</td>\n",
       "      <td>1220.331175</td>\n",
       "      <td>887.790446</td>\n",
       "      <td>6181.216045</td>\n",
       "      <td>1087.279567</td>\n",
       "      <td>718.594382</td>\n",
       "      <td>1450.826733</td>\n",
       "    </tr>\n",
       "    <tr>\n",
       "      <th>Lipetsk</th>\n",
       "      <td>4235.683236</td>\n",
       "      <td>714.548562</td>\n",
       "      <td>455.571523</td>\n",
       "      <td>554.255103</td>\n",
       "      <td>106.870169</td>\n",
       "      <td>2214.187358</td>\n",
       "      <td>994.308080</td>\n",
       "      <td>925.337212</td>\n",
       "      <td>0.000000</td>\n",
       "      <td>1454.711886</td>\n",
       "      <td>3392.209730</td>\n",
       "      <td>1210.582264</td>\n",
       "      <td>503.544013</td>\n",
       "      <td>597.599429</td>\n",
       "      <td>992.555460</td>\n",
       "      <td>613.984416</td>\n",
       "      <td>6252.067572</td>\n",
       "      <td>1103.592143</td>\n",
       "      <td>841.824419</td>\n",
       "      <td>1424.926822</td>\n",
       "    </tr>\n",
       "    <tr>\n",
       "      <th>Chelyabinsk</th>\n",
       "      <td>2793.849888</td>\n",
       "      <td>778.087645</td>\n",
       "      <td>1097.115784</td>\n",
       "      <td>1358.433740</td>\n",
       "      <td>1517.575520</td>\n",
       "      <td>759.616195</td>\n",
       "      <td>1911.870186</td>\n",
       "      <td>1354.516407</td>\n",
       "      <td>1454.711886</td>\n",
       "      <td>0.000000</td>\n",
       "      <td>1961.525005</td>\n",
       "      <td>448.761486</td>\n",
       "      <td>1095.984394</td>\n",
       "      <td>1740.337782</td>\n",
       "      <td>544.790165</td>\n",
       "      <td>841.233367</td>\n",
       "      <td>4878.106240</td>\n",
       "      <td>351.763895</td>\n",
       "      <td>1943.251586</td>\n",
       "      <td>195.566663</td>\n",
       "    </tr>\n",
       "    <tr>\n",
       "      <th>Krasnoyarsk</th>\n",
       "      <td>850.215396</td>\n",
       "      <td>2681.757476</td>\n",
       "      <td>3058.590556</td>\n",
       "      <td>3309.893497</td>\n",
       "      <td>3465.139608</td>\n",
       "      <td>1229.416374</td>\n",
       "      <td>3575.178763</td>\n",
       "      <td>3238.759251</td>\n",
       "      <td>3392.209730</td>\n",
       "      <td>1961.525005</td>\n",
       "      <td>0.000000</td>\n",
       "      <td>2200.904687</td>\n",
       "      <td>2961.572357</td>\n",
       "      <td>3697.341814</td>\n",
       "      <td>2406.642066</td>\n",
       "      <td>2782.655234</td>\n",
       "      <td>2942.881010</td>\n",
       "      <td>2308.199036</td>\n",
       "      <td>3888.804659</td>\n",
       "      <td>1967.315286</td>\n",
       "    </tr>\n",
       "    <tr>\n",
       "      <th>Perm</th>\n",
       "      <td>3050.074080</td>\n",
       "      <td>498.179664</td>\n",
       "      <td>972.429480</td>\n",
       "      <td>1290.777117</td>\n",
       "      <td>1295.149335</td>\n",
       "      <td>1099.703856</td>\n",
       "      <td>1492.396544</td>\n",
       "      <td>1410.305918</td>\n",
       "      <td>1210.582264</td>\n",
       "      <td>448.761486</td>\n",
       "      <td>2200.904687</td>\n",
       "      <td>0.000000</td>\n",
       "      <td>760.754051</td>\n",
       "      <td>1629.394475</td>\n",
       "      <td>223.409495</td>\n",
       "      <td>635.608781</td>\n",
       "      <td>5041.738651</td>\n",
       "      <td>363.847393</td>\n",
       "      <td>1861.985454</td>\n",
       "      <td>291.170194</td>\n",
       "    </tr>\n",
       "    <tr>\n",
       "      <th>Nizhniy Novgorod</th>\n",
       "      <td>3810.828009</td>\n",
       "      <td>323.521503</td>\n",
       "      <td>548.487315</td>\n",
       "      <td>847.048417</td>\n",
       "      <td>605.876664</td>\n",
       "      <td>1834.465077</td>\n",
       "      <td>896.227621</td>\n",
       "      <td>1144.384466</td>\n",
       "      <td>503.544013</td>\n",
       "      <td>1095.984394</td>\n",
       "      <td>2961.572357</td>\n",
       "      <td>760.754051</td>\n",
       "      <td>0.000000</td>\n",
       "      <td>1053.345947</td>\n",
       "      <td>566.161518</td>\n",
       "      <td>355.522294</td>\n",
       "      <td>5779.592840</td>\n",
       "      <td>772.464929</td>\n",
       "      <td>1303.245032</td>\n",
       "      <td>1016.451820</td>\n",
       "    </tr>\n",
       "    <tr>\n",
       "      <th>Rostov-na-Donu</th>\n",
       "      <td>4517.395360</td>\n",
       "      <td>1150.755188</td>\n",
       "      <td>660.483265</td>\n",
       "      <td>392.341729</td>\n",
       "      <td>495.468461</td>\n",
       "      <td>2474.150122</td>\n",
       "      <td>1540.413319</td>\n",
       "      <td>640.648909</td>\n",
       "      <td>597.599429</td>\n",
       "      <td>1740.337782</td>\n",
       "      <td>3697.341814</td>\n",
       "      <td>1629.394475</td>\n",
       "      <td>1053.345947</td>\n",
       "      <td>0.000000</td>\n",
       "      <td>1407.490941</td>\n",
       "      <td>995.657793</td>\n",
       "      <td>6617.619057</td>\n",
       "      <td>1405.796118</td>\n",
       "      <td>249.927978</td>\n",
       "      <td>1773.423068</td>\n",
       "    </tr>\n",
       "    <tr>\n",
       "      <th>Izhevsk</th>\n",
       "      <td>3253.874815</td>\n",
       "      <td>278.040564</td>\n",
       "      <td>752.826804</td>\n",
       "      <td>1075.454018</td>\n",
       "      <td>1074.621814</td>\n",
       "      <td>1268.799802</td>\n",
       "      <td>1370.212800</td>\n",
       "      <td>1220.331175</td>\n",
       "      <td>992.555460</td>\n",
       "      <td>544.790165</td>\n",
       "      <td>2406.642066</td>\n",
       "      <td>223.409495</td>\n",
       "      <td>566.161518</td>\n",
       "      <td>1407.490941</td>\n",
       "      <td>0.000000</td>\n",
       "      <td>412.593219</td>\n",
       "      <td>5261.777736</td>\n",
       "      <td>291.089470</td>\n",
       "      <td>1641.855862</td>\n",
       "      <td>450.338076</td>\n",
       "    </tr>\n",
       "    <tr>\n",
       "      <th>Ulyanovsk</th>\n",
       "      <td>3623.935473</td>\n",
       "      <td>169.072107</td>\n",
       "      <td>348.607245</td>\n",
       "      <td>679.076915</td>\n",
       "      <td>682.490831</td>\n",
       "      <td>1600.419835</td>\n",
       "      <td>1250.906981</td>\n",
       "      <td>887.790446</td>\n",
       "      <td>613.984416</td>\n",
       "      <td>841.233367</td>\n",
       "      <td>2782.655234</td>\n",
       "      <td>635.608781</td>\n",
       "      <td>355.522294</td>\n",
       "      <td>995.657793</td>\n",
       "      <td>412.593219</td>\n",
       "      <td>0.000000</td>\n",
       "      <td>5662.741852</td>\n",
       "      <td>491.182768</td>\n",
       "      <td>1232.500701</td>\n",
       "      <td>816.766593</td>\n",
       "    </tr>\n",
       "    <tr>\n",
       "      <th>Khabarovsk</th>\n",
       "      <td>2206.567858</td>\n",
       "      <td>5539.356170</td>\n",
       "      <td>5965.501930</td>\n",
       "      <td>6236.202306</td>\n",
       "      <td>6336.385750</td>\n",
       "      <td>4169.811419</td>\n",
       "      <td>6196.531949</td>\n",
       "      <td>6181.216045</td>\n",
       "      <td>6252.067572</td>\n",
       "      <td>4878.106240</td>\n",
       "      <td>2942.881010</td>\n",
       "      <td>5041.738651</td>\n",
       "      <td>5779.592840</td>\n",
       "      <td>6617.619057</td>\n",
       "      <td>5261.777736</td>\n",
       "      <td>5662.741852</td>\n",
       "      <td>0.000000</td>\n",
       "      <td>5213.305372</td>\n",
       "      <td>6819.764893</td>\n",
       "      <td>4851.797591</td>\n",
       "    </tr>\n",
       "    <tr>\n",
       "      <th>Ufa</th>\n",
       "      <td>3143.759178</td>\n",
       "      <td>448.955035</td>\n",
       "      <td>752.976247</td>\n",
       "      <td>1033.546874</td>\n",
       "      <td>1165.819521</td>\n",
       "      <td>1111.277510</td>\n",
       "      <td>1632.045033</td>\n",
       "      <td>1087.279567</td>\n",
       "      <td>1103.592143</td>\n",
       "      <td>351.763895</td>\n",
       "      <td>2308.199036</td>\n",
       "      <td>363.847393</td>\n",
       "      <td>772.464929</td>\n",
       "      <td>1405.796118</td>\n",
       "      <td>291.089470</td>\n",
       "      <td>491.182768</td>\n",
       "      <td>5213.305372</td>\n",
       "      <td>0.000000</td>\n",
       "      <td>1619.007624</td>\n",
       "      <td>373.154426</td>\n",
       "    </tr>\n",
       "    <tr>\n",
       "      <th>Krasnodar</th>\n",
       "      <td>4698.490318</td>\n",
       "      <td>1391.496159</td>\n",
       "      <td>889.557594</td>\n",
       "      <td>585.831037</td>\n",
       "      <td>737.302191</td>\n",
       "      <td>2660.693781</td>\n",
       "      <td>1753.938313</td>\n",
       "      <td>718.594382</td>\n",
       "      <td>841.824419</td>\n",
       "      <td>1943.251586</td>\n",
       "      <td>3888.804659</td>\n",
       "      <td>1861.985454</td>\n",
       "      <td>1303.245032</td>\n",
       "      <td>249.927978</td>\n",
       "      <td>1641.855862</td>\n",
       "      <td>1232.500701</td>\n",
       "      <td>6819.764893</td>\n",
       "      <td>1619.007624</td>\n",
       "      <td>0.000000</td>\n",
       "      <td>1990.448052</td>\n",
       "    </tr>\n",
       "    <tr>\n",
       "      <th>Yekaterinburg</th>\n",
       "      <td>2811.378569</td>\n",
       "      <td>717.643116</td>\n",
       "      <td>1115.543586</td>\n",
       "      <td>1405.590878</td>\n",
       "      <td>1498.692965</td>\n",
       "      <td>820.147206</td>\n",
       "      <td>1782.568403</td>\n",
       "      <td>1450.826733</td>\n",
       "      <td>1424.926822</td>\n",
       "      <td>195.566663</td>\n",
       "      <td>1967.315286</td>\n",
       "      <td>291.170194</td>\n",
       "      <td>1016.451820</td>\n",
       "      <td>1773.423068</td>\n",
       "      <td>450.338076</td>\n",
       "      <td>816.766593</td>\n",
       "      <td>4851.797591</td>\n",
       "      <td>373.154426</td>\n",
       "      <td>1990.448052</td>\n",
       "      <td>0.000000</td>\n",
       "    </tr>\n",
       "  </tbody>\n",
       "</table>\n",
       "</div>"
      ],
      "text/plain": [
       "                      Irkutsk        Kazan      Saratov    Volgograd  \\\n",
       "Irkutsk              0.000000  3527.782205  3889.311488  4126.825527   \n",
       "Kazan             3527.782205     0.000000   515.026121   846.456077   \n",
       "Saratov           3889.311488   515.026121     0.000000   331.662071   \n",
       "Volgograd         4126.825527   846.456077   331.662071     0.000000   \n",
       "Voronezh          4306.055703   797.113808   471.482302   500.997980   \n",
       "Omsk              2043.919331  1526.504966  1847.546577  2084.501303   \n",
       "Saint Petersburg  4416.751728  1199.503054  1349.570245  1543.627622   \n",
       "Astrakhan         4026.370846  1052.587690   596.097021   374.227346   \n",
       "Lipetsk           4235.683236   714.548562   455.571523   554.255103   \n",
       "Chelyabinsk       2793.849888   778.087645  1097.115784  1358.433740   \n",
       "Krasnoyarsk        850.215396  2681.757476  3058.590556  3309.893497   \n",
       "Perm              3050.074080   498.179664   972.429480  1290.777117   \n",
       "Nizhniy Novgorod  3810.828009   323.521503   548.487315   847.048417   \n",
       "Rostov-na-Donu    4517.395360  1150.755188   660.483265   392.341729   \n",
       "Izhevsk           3253.874815   278.040564   752.826804  1075.454018   \n",
       "Ulyanovsk         3623.935473   169.072107   348.607245   679.076915   \n",
       "Khabarovsk        2206.567858  5539.356170  5965.501930  6236.202306   \n",
       "Ufa               3143.759178   448.955035   752.976247  1033.546874   \n",
       "Krasnodar         4698.490318  1391.496159   889.557594   585.831037   \n",
       "Yekaterinburg     2811.378569   717.643116  1115.543586  1405.590878   \n",
       "\n",
       "                     Voronezh         Omsk  Saint Petersburg    Astrakhan  \\\n",
       "Irkutsk           4306.055703  2043.919331       4416.751728  4026.370846   \n",
       "Kazan              797.113808  1526.504966       1199.503054  1052.587690   \n",
       "Saratov            471.482302  1847.546577       1349.570245   596.097021   \n",
       "Volgograd          500.997980  2084.501303       1543.627622   374.227346   \n",
       "Voronezh             0.000000  2276.877523       1071.682025   875.217502   \n",
       "Omsk              2276.877523     0.000000       2584.535371  2011.940526   \n",
       "Saint Petersburg  1071.682025  2584.535371          0.000000  1906.440394   \n",
       "Astrakhan          875.217502  2011.940526       1906.440394     0.000000   \n",
       "Lipetsk            106.870169  2214.187358        994.308080   925.337212   \n",
       "Chelyabinsk       1517.575520   759.616195       1911.870186  1354.516407   \n",
       "Krasnoyarsk       3465.139608  1229.416374       3575.178763  3238.759251   \n",
       "Perm              1295.149335  1099.703856       1492.396544  1410.305918   \n",
       "Nizhniy Novgorod   605.876664  1834.465077        896.227621  1144.384466   \n",
       "Rostov-na-Donu     495.468461  2474.150122       1540.413319   640.648909   \n",
       "Izhevsk           1074.621814  1268.799802       1370.212800  1220.331175   \n",
       "Ulyanovsk          682.490831  1600.419835       1250.906981   887.790446   \n",
       "Khabarovsk        6336.385750  4169.811419       6196.531949  6181.216045   \n",
       "Ufa               1165.819521  1111.277510       1632.045033  1087.279567   \n",
       "Krasnodar          737.302191  2660.693781       1753.938313   718.594382   \n",
       "Yekaterinburg     1498.692965   820.147206       1782.568403  1450.826733   \n",
       "\n",
       "                      Lipetsk  Chelyabinsk  Krasnoyarsk         Perm  \\\n",
       "Irkutsk           4235.683236  2793.849888   850.215396  3050.074080   \n",
       "Kazan              714.548562   778.087645  2681.757476   498.179664   \n",
       "Saratov            455.571523  1097.115784  3058.590556   972.429480   \n",
       "Volgograd          554.255103  1358.433740  3309.893497  1290.777117   \n",
       "Voronezh           106.870169  1517.575520  3465.139608  1295.149335   \n",
       "Omsk              2214.187358   759.616195  1229.416374  1099.703856   \n",
       "Saint Petersburg   994.308080  1911.870186  3575.178763  1492.396544   \n",
       "Astrakhan          925.337212  1354.516407  3238.759251  1410.305918   \n",
       "Lipetsk              0.000000  1454.711886  3392.209730  1210.582264   \n",
       "Chelyabinsk       1454.711886     0.000000  1961.525005   448.761486   \n",
       "Krasnoyarsk       3392.209730  1961.525005     0.000000  2200.904687   \n",
       "Perm              1210.582264   448.761486  2200.904687     0.000000   \n",
       "Nizhniy Novgorod   503.544013  1095.984394  2961.572357   760.754051   \n",
       "Rostov-na-Donu     597.599429  1740.337782  3697.341814  1629.394475   \n",
       "Izhevsk            992.555460   544.790165  2406.642066   223.409495   \n",
       "Ulyanovsk          613.984416   841.233367  2782.655234   635.608781   \n",
       "Khabarovsk        6252.067572  4878.106240  2942.881010  5041.738651   \n",
       "Ufa               1103.592143   351.763895  2308.199036   363.847393   \n",
       "Krasnodar          841.824419  1943.251586  3888.804659  1861.985454   \n",
       "Yekaterinburg     1424.926822   195.566663  1967.315286   291.170194   \n",
       "\n",
       "                  Nizhniy Novgorod  Rostov-na-Donu      Izhevsk    Ulyanovsk  \\\n",
       "Irkutsk                3810.828009     4517.395360  3253.874815  3623.935473   \n",
       "Kazan                   323.521503     1150.755188   278.040564   169.072107   \n",
       "Saratov                 548.487315      660.483265   752.826804   348.607245   \n",
       "Volgograd               847.048417      392.341729  1075.454018   679.076915   \n",
       "Voronezh                605.876664      495.468461  1074.621814   682.490831   \n",
       "Omsk                   1834.465077     2474.150122  1268.799802  1600.419835   \n",
       "Saint Petersburg        896.227621     1540.413319  1370.212800  1250.906981   \n",
       "Astrakhan              1144.384466      640.648909  1220.331175   887.790446   \n",
       "Lipetsk                 503.544013      597.599429   992.555460   613.984416   \n",
       "Chelyabinsk            1095.984394     1740.337782   544.790165   841.233367   \n",
       "Krasnoyarsk            2961.572357     3697.341814  2406.642066  2782.655234   \n",
       "Perm                    760.754051     1629.394475   223.409495   635.608781   \n",
       "Nizhniy Novgorod          0.000000     1053.345947   566.161518   355.522294   \n",
       "Rostov-na-Donu         1053.345947        0.000000  1407.490941   995.657793   \n",
       "Izhevsk                 566.161518     1407.490941     0.000000   412.593219   \n",
       "Ulyanovsk               355.522294      995.657793   412.593219     0.000000   \n",
       "Khabarovsk             5779.592840     6617.619057  5261.777736  5662.741852   \n",
       "Ufa                     772.464929     1405.796118   291.089470   491.182768   \n",
       "Krasnodar              1303.245032      249.927978  1641.855862  1232.500701   \n",
       "Yekaterinburg          1016.451820     1773.423068   450.338076   816.766593   \n",
       "\n",
       "                   Khabarovsk          Ufa    Krasnodar  Yekaterinburg  \n",
       "Irkutsk           2206.567858  3143.759178  4698.490318    2811.378569  \n",
       "Kazan             5539.356170   448.955035  1391.496159     717.643116  \n",
       "Saratov           5965.501930   752.976247   889.557594    1115.543586  \n",
       "Volgograd         6236.202306  1033.546874   585.831037    1405.590878  \n",
       "Voronezh          6336.385750  1165.819521   737.302191    1498.692965  \n",
       "Omsk              4169.811419  1111.277510  2660.693781     820.147206  \n",
       "Saint Petersburg  6196.531949  1632.045033  1753.938313    1782.568403  \n",
       "Astrakhan         6181.216045  1087.279567   718.594382    1450.826733  \n",
       "Lipetsk           6252.067572  1103.592143   841.824419    1424.926822  \n",
       "Chelyabinsk       4878.106240   351.763895  1943.251586     195.566663  \n",
